Images traitees; Precision; Reussites; Echecs; Temps (ms)
1000;95,40;954;46;124615
2000;95,10;1902;98;266548
3000;95,13;2854;146;410045
4000;95,15;3806;194;538680
5000;95,14;4757;243;660417
6000;95,60;5736;264;3777380
7000;95,93;6715;285;3975508
8000;96,33;7706;294;4170086
9000;96,64;8698;302;4367603
10000;96,65;9665;335;4558316
